0 0.113 0.6721014492753623 0.054 0.19927536231884058
0 0.447 0.6503623188405797 0.054 0.2427536231884058
0 0.551 0.6141304347826088 0.026000000000000002 0.20652173913043478
0 0.579 0.6322463768115942 0.046 0.20652173913043478
0 0.63 0.6231884057971014 0.044 0.18840579710144928
0 0.718 0.7264492753623188 0.04 0.322463768115942
0 0.765 0.6268115942028986 0.026000000000000002 0.2391304347826087
0 0.857 0.5833333333333334 0.034 0.15217391304347827
2 0.289 0.6177536231884058 0.386 0.2644927536231884
0 0.98 0.8297101449275363 0.036000000000000004 0.32608695652173914
