3 0.502 0.5734463276836158 0.028 0.1581920903954802
3 0.588 0.557909604519774 0.028 0.1553672316384181
3 0.606 0.5677966101694916 0.024 0.0903954802259887
3 0.54 0.692090395480226 0.04 0.22033898305084745
3 0.41500000000000004 0.6299435028248588 0.022 0.0847457627118644
3 0.41100000000000003 0.693502824858757 0.03 0.09887005649717515
3 0.367 0.8389830508474576 0.042 0.1694915254237288
0 0.265 0.576271186440678 0.10200000000000001 0.3446327683615819
0 0.733 0.5127118644067796 0.106 0.3022598870056497
3 0.636 0.8008474576271186 0.04 0.17231638418079095
